300.00	9.5000001465451E-7
301.00	9.5000001465451E-7
302.00	9.5000001465451E-7
303.00	9.5000001465451E-7
304.00	9.5000001465451E-7
305.00	9.5000001465451E-7
306.00	9.5000001465451E-7
307.00	9.5000001465451E-7
308.00	9.5000001465451E-7
309.00	9.5000001465451E-7
310.00	9.5000001465451E-7
311.00	9.5000001465451E-7
312.00	9.5000001465451E-7
313.00	9.5000001465451E-7
314.00	9.5000001465451E-7
315.00	9.5000001465451E-7
316.00	9.5000001465451E-7
317.00	9.5000001465451E-7
318.00	9.5000001465451E-7
319.00	9.5000001465451E-7
320.00	9.5000001465451E-7
321.00	9.5000001465451E-7
322.00	9.5000001465451E-7
323.00	9.5000001465451E-7
324.00	9.5000001465451E-7
325.00	9.5000001465451E-7
326.00	9.5000001465451E-7
327.00	9.5000001465451E-7
328.00	9.5000001465451E-7
329.00	9.5000001465451E-7
330.00	9.5000001465451E-7
331.00	9.5000001465451E-7
332.00	9.5000001465451E-7
333.00	9.5000001465451E-7
334.00	9.5000001465451E-7
335.00	9.5000001465451E-7
336.00	9.5000001465451E-7
337.00	9.5000001465451E-7
338.00	9.5000001465451E-7
339.00	9.5000001465451E-7
340.00	9.5000001465451E-7
341.00	9.5000001465451E-7
342.00	9.5000001465451E-7
343.00	9.5000001465451E-7
344.00	9.5000001465451E-7
345.00	9.5000001465451E-7
346.00	9.5000001465451E-7
347.00	9.5000001465451E-7
348.00	9.5000001465451E-7
349.00	9.5000001465451E-7
350.00	9.5000001465451E-7
351.00	9.5000001465451E-7
352.00	9.5000001465451E-7
353.00	9.5000001465451E-7
354.00	9.5000001465451E-7
355.00	9.5000001465451E-7
356.00	9.5000001465451E-7
357.00	9.5000001465451E-7
358.00	9.5000001465451E-7
359.00	1.0025700021288E-6
360.00	1.7486800061306E-6
361.00	9.5000001465451E-7
362.00	9.5000001465451E-7
363.00	9.5000001465451E-7
364.00	9.5000001465451E-7
365.00	9.5000001465451E-7
366.00	9.5000001465451E-7
367.00	9.5000001465451E-7
368.00	9.5000001465451E-7
369.00	9.5000001465451E-7
370.00	9.5000001465451E-7
371.00	9.5000001465451E-7
372.00	9.5000001465451E-7
373.00	9.5000001465451E-7
374.00	9.5000001465451E-7
375.00	9.5000001465451E-7
376.00	9.5000001465451E-7
377.00	9.5000001465451E-7
378.00	9.5000001465451E-7
379.00	9.5000001465451E-7
380.00	9.5000001465451E-7
381.00	9.5000001465451E-7
382.00	9.5000001465451E-7
383.00	9.5000001465451E-7
384.00	9.5000001465451E-7
385.00	9.5000001465451E-7
386.00	9.5000001465451E-7
387.00	9.5000001465451E-7
388.00	9.5000001465451E-7
389.00	9.5000001465451E-7
390.00	9.5000001465451E-7
391.00	9.5000001465451E-7
392.00	9.5000001465451E-7
393.00	9.5000001465451E-7
394.00	9.5000001465451E-7
395.00	9.5000001465451E-7
396.00	9.5000001465451E-7
397.00	9.5000001465451E-7
398.00	9.5000001465451E-7
399.00	9.5000001465451E-7
400.00	9.5000001465451E-7
401.00	9.5000001465451E-7
402.00	9.5000001465451E-7
403.00	9.5000001465451E-7
404.00	9.5000001465451E-7
405.00	9.5000001465451E-7
406.00	9.5000001465451E-7
407.00	9.5000001465451E-7
408.00	9.5000001465451E-7
409.00	9.5000001465451E-7
410.00	9.5000001465451E-7
411.00	9.5000001465451E-7
412.00	9.5000001465451E-7
413.00	9.5000001465451E-7
414.00	9.5000001465451E-7
415.00	9.5000001465451E-7
416.00	9.5000001465451E-7
417.00	9.5000001465451E-7
418.00	9.5000001465451E-7
419.00	9.5000001465451E-7
420.00	9.5000001465451E-7
421.00	9.5000001465451E-7
422.00	9.5000001465451E-7
423.00	9.5000001465451E-7
424.00	9.5000001465451E-7
425.00	9.5000001465451E-7
426.00	9.5000001465451E-7
427.00	9.5000001465451E-7
428.00	9.5000001465451E-7
429.00	9.5000001465451E-7
430.00	9.5000001465451E-7
431.00	9.5000001465451E-7
432.00	9.5000001465451E-7
433.00	9.5000001465451E-7
434.00	9.5000001465451E-7
435.00	9.5000001465451E-7
436.00	9.5000001465451E-7
437.00	9.5000001465451E-7
438.00	9.5000001465451E-7
439.00	9.5000001465451E-7
440.00	9.5000001465451E-7
441.00	9.5000001465451E-7
442.00	9.5000001465451E-7
443.00	9.5000001465451E-7
444.00	9.5000001465451E-7
445.00	9.5000001465451E-7
446.00	9.5000001465451E-7
447.00	9.5000001465451E-7
448.00	9.5000001465451E-7
449.00	9.5000001465451E-7
450.00	9.5000001465451E-7
451.00	9.5000001465451E-7
452.00	9.5000001465451E-7
453.00	9.5000001465451E-7
454.00	9.5000001465451E-7
455.00	9.5000001465451E-7
456.00	9.5000001465451E-7
457.00	9.5000001465451E-7
458.00	9.5000001465451E-7
459.00	9.5000001465451E-7
460.00	9.5000001465451E-7
461.00	9.5000001465451E-7
462.00	9.5000001465451E-7
463.00	9.5000001465451E-7
464.00	9.5000001465451E-7
465.00	9.5000001465451E-7
466.00	9.5000001465451E-7
467.00	9.5000001465451E-7
468.00	9.5000001465451E-7
469.00	9.5000001465451E-7
470.00	9.5000001465451E-7
471.00	9.5000001465451E-7
472.00	9.5000001465451E-7
473.00	9.5000001465451E-7
474.00	9.5000001465451E-7
475.00	9.5000001465451E-7
476.00	9.5000001465451E-7
477.00	9.5000001465451E-7
478.00	9.5000001465451E-7
479.00	9.5000001465451E-7
480.00	9.5000001465451E-7
481.00	9.5000001465451E-7
482.00	9.5000001465451E-7
483.00	9.5000001465451E-7
484.00	9.5000001465451E-7
485.00	9.5000001465451E-7
486.00	9.5000001465451E-7
487.00	9.5000001465451E-7
488.00	9.5000001465451E-7
489.00	9.5000001465451E-7
490.00	9.5000001465451E-7
491.00	9.5000001465451E-7
492.00	9.5000001465451E-7
493.00	9.5000001465451E-7
494.00	9.5000001465451E-7
495.00	9.5000001465451E-7
496.00	9.5000001465451E-7
497.00	9.5000001465451E-7
498.00	9.5000001465451E-7
499.00	9.5000001465451E-7
500.00	9.5000001465451E-7
501.00	9.5000001465451E-7
502.00	9.5000001465451E-7
503.00	9.5000001465451E-7
504.00	9.5000001465451E-7
505.00	9.5000001465451E-7
506.00	9.5000001465451E-7
507.00	9.5000001465451E-7
508.00	9.5000001465451E-7
509.00	9.5000001465451E-7
510.00	9.5000001465451E-7
511.00	9.5000001465451E-7
512.00	9.5000001465451E-7
513.00	9.5000001465451E-7
514.00	9.5000001465451E-7
515.00	9.5000001465451E-7
516.00	9.5000001465451E-7
517.00	9.5000001465451E-7
518.00	9.5000001465451E-7
519.00	9.5000001465451E-7
520.00	9.5000001465451E-7
521.00	9.5000001465451E-7
522.00	9.5000001465451E-7
523.00	9.5000001465451E-7
524.00	9.5000001465451E-7
525.00	9.5000001465451E-7
526.00	9.5000001465451E-7
527.00	9.5000001465451E-7
528.00	9.5000001465451E-7
529.00	9.5000001465451E-7
530.00	9.5000001465451E-7
531.00	9.5000001465451E-7
532.00	9.5000001465451E-7
533.00	1.1618000144153E-6
534.00	3.5049999951298E-6
535.00	1.1400000403228E-5
536.00	5.3750700317323E-5
537.00	0.00034630601294339
538.00	0.0032108901068568
539.00	0.057186301797628
540.00	0.46700099110603
541.00	0.86370700597763
542.00	0.96456700563431
543.00	0.97729599475861
544.00	0.98540300130844
545.00	0.9819809794426
546.00	0.98089700937271
547.00	0.9842249751091
548.00	0.98326802253723
549.00	0.98269802331924
550.00	0.98310500383377
551.00	0.98066997528076
552.00	0.97925597429276
553.00	0.9765459895134
554.00	0.97350001335144
555.00	0.96977597475052
556.00	0.96372801065445
557.00	0.9561420083046
558.00	0.95079499483109
559.00	0.95030999183655
560.00	0.95746099948883
561.00	0.96464002132416
562.00	0.97279798984528
563.00	0.97685199975967
564.00	0.97708702087402
565.00	0.97501701116562
566.00	0.97723698616028
567.00	0.98259598016739
568.00	0.98451501131058
569.00	0.97677701711655
570.00	0.97398400306702
571.00	0.98137897253036
572.00	0.98295301198959
573.00	0.97365897893906
574.00	0.96895498037338
575.00	0.97778099775314
576.00	0.98410302400589
577.00	0.98697698116302
578.00	0.97819799184799
579.00	0.85885500907898
580.00	0.13362100720406
581.00	0.059125199913979
582.00	0.0073971198871732
583.00	0.0012819799594581
584.00	0.00027645801310427
585.00	7.4073497671634E-5
586.00	2.1752899556304E-5
587.00	7.137619832065E-6
588.00	2.1733299035986E-6
589.00	9.5000001465451E-7
590.00	9.5000001465451E-7
591.00	9.5000001465451E-7
592.00	9.5000001465451E-7
593.00	9.5000001465451E-7
594.00	9.5000001465451E-7
595.00	9.5000001465451E-7
596.00	9.5000001465451E-7
597.00	9.5000001465451E-7
598.00	9.5000001465451E-7
599.00	9.5000001465451E-7
600.00	9.5000001465451E-7
601.00	9.5000001465451E-7
602.00	9.5000001465451E-7
603.00	9.5000001465451E-7
604.00	9.5000001465451E-7
605.00	9.5000001465451E-7
606.00	9.5000001465451E-7
607.00	9.5000001465451E-7
608.00	9.5000001465451E-7
609.00	9.5000001465451E-7
610.00	9.5000001465451E-7
611.00	9.5000001465451E-7
612.00	9.5000001465451E-7
613.00	9.5000001465451E-7
614.00	9.5000001465451E-7
615.00	9.5000001465451E-7
616.00	9.5000001465451E-7
617.00	9.5000001465451E-7
618.00	9.5000001465451E-7
619.00	9.5000001465451E-7
620.00	9.5000001465451E-7
621.00	9.5000001465451E-7
622.00	9.5000001465451E-7
623.00	9.5000001465451E-7
624.00	9.5000001465451E-7
625.00	9.5000001465451E-7
626.00	9.5000001465451E-7
627.00	9.5000001465451E-7
628.00	9.5000001465451E-7
629.00	9.5000001465451E-7
630.00	9.5000001465451E-7
631.00	9.5000001465451E-7
632.00	9.5000001465451E-7
633.00	9.5000001465451E-7
634.00	9.5000001465451E-7
635.00	9.5000001465451E-7
636.00	9.5000001465451E-7
637.00	9.5000001465451E-7
638.00	9.5000001465451E-7
639.00	9.5000001465451E-7
640.00	9.5000001465451E-7
641.00	9.5000001465451E-7
642.00	9.5000001465451E-7
643.00	9.5000001465451E-7
644.00	9.5000001465451E-7
645.00	9.5000001465451E-7
646.00	9.5000001465451E-7
647.00	9.5000001465451E-7
648.00	9.5000001465451E-7
649.00	9.5000001465451E-7
650.00	9.5000001465451E-7
651.00	9.5000001465451E-7
652.00	9.5000001465451E-7
653.00	9.5000001465451E-7
654.00	9.5000001465451E-7
655.00	9.5000001465451E-7
656.00	9.5000001465451E-7
657.00	9.5000001465451E-7
658.00	9.5000001465451E-7
659.00	9.5000001465451E-7
660.00	9.5000001465451E-7
661.00	9.5000001465451E-7
662.00	9.5000001465451E-7
663.00	9.5000001465451E-7
664.00	9.5000001465451E-7
665.00	9.5000001465451E-7
666.00	9.5000001465451E-7
667.00	9.5000001465451E-7
668.00	9.5000001465451E-7
669.00	9.5000001465451E-7
670.00	9.5000001465451E-7
671.00	9.5000001465451E-7
672.00	9.5000001465451E-7
673.00	9.5000001465451E-7
674.00	9.5000001465451E-7
675.00	9.5000001465451E-7
676.00	9.5000001465451E-7
677.00	9.5000001465451E-7
678.00	9.5000001465451E-7
679.00	9.5000001465451E-7
680.00	9.5000001465451E-7
681.00	9.5000001465451E-7
682.00	9.5000001465451E-7
683.00	9.5000001465451E-7
684.00	9.5000001465451E-7
685.00	9.5000001465451E-7
686.00	9.5000001465451E-7
687.00	9.5000001465451E-7
688.00	9.5000001465451E-7
689.00	9.5000001465451E-7
690.00	9.5000001465451E-7
691.00	9.5000001465451E-7
692.00	9.5000001465451E-7
693.00	9.5000001465451E-7
694.00	9.5000001465451E-7
695.00	9.5000001465451E-7
696.00	9.5000001465451E-7
697.00	9.5000001465451E-7
698.00	9.5000001465451E-7
699.00	9.5000001465451E-7
700.00	9.5000001465451E-7
701.00	9.5000001465451E-7
702.00	1.2180199746581E-6
703.00	9.5000001465451E-7
704.00	9.5000001465451E-7
705.00	9.5000001465451E-7
706.00	9.5000001465451E-7
707.00	9.5000001465451E-7
708.00	9.5000001465451E-7
709.00	9.5000001465451E-7
710.00	9.5000001465451E-7
711.00	9.5000001465451E-7
712.00	9.5000001465451E-7
713.00	9.5000001465451E-7
714.00	9.5000001465451E-7
715.00	9.5000001465451E-7
716.00	9.5000001465451E-7
717.00	9.5000001465451E-7
718.00	9.5000001465451E-7
719.00	9.5000001465451E-7
720.00	9.5000001465451E-7
721.00	9.5000001465451E-7
722.00	9.5000001465451E-7
723.00	9.5000001465451E-7
724.00	9.5000001465451E-7
725.00	9.5000001465451E-7
726.00	9.5000001465451E-7
727.00	9.5000001465451E-7
728.00	9.5000001465451E-7
729.00	9.5000001465451E-7
730.00	9.5000001465451E-7
731.00	9.5000001465451E-7
732.00	9.5000001465451E-7
733.00	9.5000001465451E-7
734.00	9.5000001465451E-7
735.00	9.5000001465451E-7
736.00	9.5000001465451E-7
737.00	9.5000001465451E-7
738.00	9.5000001465451E-7
739.00	9.5000001465451E-7
740.00	9.5000001465451E-7
741.00	9.5000001465451E-7
742.00	9.5000001465451E-7
743.00	9.5000001465451E-7
744.00	9.5000001465451E-7
745.00	9.5000001465451E-7
746.00	9.5000001465451E-7
747.00	9.5000001465451E-7
748.00	9.5000001465451E-7
749.00	9.5000001465451E-7
750.00	9.5000001465451E-7
751.00	9.5000001465451E-7
752.00	9.5000001465451E-7
753.00	9.5000001465451E-7
754.00	9.5000001465451E-7
755.00	9.5000001465451E-7
756.00	9.5000001465451E-7
757.00	9.5000001465451E-7
758.00	9.5000001465451E-7
759.00	1.7444799595978E-6
760.00	9.5000001465451E-7
761.00	9.5000001465451E-7
762.00	9.5000001465451E-7
763.00	9.5000001465451E-7
764.00	9.5000001465451E-7
765.00	9.5000001465451E-7
766.00	1.0307500133422E-6
767.00	9.5000001465451E-7
768.00	9.5000001465451E-7
769.00	9.5000001465451E-7
770.00	9.5000001465451E-7
771.00	9.5000001465451E-7
772.00	9.5000001465451E-7
773.00	9.5000001465451E-7
774.00	9.5000001465451E-7
775.00	9.5000001465451E-7
776.00	9.8916302704311E-7
777.00	9.5000001465451E-7
778.00	9.5000001465451E-7
779.00	1.0147200555366E-6
780.00	9.5000001465451E-7
781.00	9.5000001465451E-7
782.00	9.5000001465451E-7
783.00	9.5000001465451E-7
784.00	9.5000001465451E-7
785.00	9.5000001465451E-7
786.00	9.5000001465451E-7
787.00	9.5000001465451E-7
788.00	9.5000001465451E-7
789.00	1.1368499599484E-6
790.00	9.5000001465451E-7
791.00	9.5000001465451E-7
792.00	9.5000001465451E-7
793.00	9.5000001465451E-7
794.00	9.5000001465451E-7
795.00	9.5000001465451E-7
796.00	9.5000001465451E-7
797.00	9.5000001465451E-7
798.00	9.5000001465451E-7
799.00	5.553620212595E-6
800.00	9.5000001465451E-7
801.00	9.5000001465451E-7
802.00	9.5000001465451E-7
803.00	9.5000001465451E-7
804.00	9.5000001465451E-7
805.00	9.5000001465451E-7
806.00	9.5000001465451E-7
807.00	9.5000001465451E-7
808.00	9.5000001465451E-7
809.00	9.5000001465451E-7
810.00	9.5000001465451E-7
811.00	9.5000001465451E-7
812.00	9.5000001465451E-7
813.00	9.5000001465451E-7
814.00	9.5000001465451E-7
815.00	9.5000001465451E-7
816.00	9.5000001465451E-7
817.00	9.5000001465451E-7
818.00	9.5000001465451E-7
819.00	9.5000001465451E-7
820.00	9.5000001465451E-7
821.00	9.5000001465451E-7
822.00	9.5000001465451E-7
823.00	9.5000001465451E-7
824.00	9.5000001465451E-7
825.00	9.6451196895941E-7
826.00	9.5000001465451E-7
827.00	9.5000001465451E-7
828.00	9.5000001465451E-7
829.00	9.5000001465451E-7
830.00	9.5000001465451E-7
831.00	9.5000001465451E-7
832.00	9.5000001465451E-7
833.00	9.5000001465451E-7
834.00	9.5000001465451E-7
835.00	9.5000001465451E-7
836.00	9.5000001465451E-7
837.00	9.5000001465451E-7
838.00	9.5000001465451E-7
839.00	9.5000001465451E-7
840.00	9.5000001465451E-7
841.00	9.5000001465451E-7
842.00	9.5000001465451E-7
843.00	9.5000001465451E-7
844.00	9.5000001465451E-7
845.00	9.5000001465451E-7
846.00	9.5000001465451E-7
847.00	9.5000001465451E-7
848.00	9.5000001465451E-7
849.00	9.8767804956879E-7
850.00	9.5000001465451E-7
851.00	9.5000001465451E-7
852.00	9.5000001465451E-7
853.00	9.9245403362147E-7
854.00	1.0200600399912E-6
855.00	1.2225999626025E-6
856.00	1.1703699556165E-6
857.00	1.2362099823804E-6
858.00	1.4016300156072E-6
859.00	1.5416600263052E-6
860.00	1.2980999599677E-6
861.00	1.5513199969064E-6
862.00	1.5157399957388E-6
863.00	1.3729800230067E-6
864.00	1.2890700418211E-6
865.00	1.1115299685116E-6
866.00	1.0447599834151E-6
867.00	9.5000001465451E-7
868.00	1.0232699878543E-6
869.00	9.5000001465451E-7
870.00	1.0386800113338E-6
871.00	9.5000001465451E-7
872.00	9.9700798728009E-7
873.00	9.5000001465451E-7
874.00	9.5000001465451E-7
875.00	9.9196597602713E-7
876.00	1.0062500450658E-6
877.00	1.0911099934674E-6
878.00	1.0843899644897E-6
879.00	1.3180699625082E-6
880.00	1.5065700154082E-6
881.00	1.4984999552325E-6
882.00	1.6702599623386E-6
883.00	1.802359975045E-6
884.00	1.8233999981021E-6
885.00	1.9583999346651E-6
886.00	1.919079977597E-6
887.00	1.9048300146096E-6
888.00	1.8417399587634E-6
889.00	1.8064999949274E-6
890.00	1.7020599898387E-6
891.00	1.5717799897175E-6
892.00	1.5641800246158E-6
893.00	1.3789699551126E-6
894.00	1.2974199989912E-6
895.00	1.2554500017359E-6
896.00	1.1535399835338E-6
897.00	1.1618000144153E-6
898.00	1.0358500048824E-6
899.00	1.1678099554047E-6
900.00	1.1858900279549E-6
901.00	1.1547799658729E-6
902.00	1.2117700407543E-6
903.00	1.2449099813239E-6
904.00	1.3319800018508E-6
905.00	1.5113699873837E-6
906.00	1.4495400364467E-6
907.00	1.4867899835735E-6
908.00	1.4443099871642E-6
909.00	1.5389899772345E-6
910.00	1.4484299981632E-6
911.00	1.270509983442E-6
912.00	1.2315699677856E-6
913.00	1.046259967552E-6
914.00	9.5097897201413E-7
915.00	9.5000001465451E-7
916.00	9.5000001465451E-7
917.00	9.5000001465451E-7
918.00	9.5000001465451E-7
919.00	9.5000001465451E-7
920.00	9.5000001465451E-7
921.00	9.5000001465451E-7
922.00	9.5000001465451E-7
923.00	9.5000001465451E-7
924.00	9.5000001465451E-7
925.00	9.5000001465451E-7
926.00	9.5000001465451E-7
927.00	9.5000001465451E-7
928.00	9.5000001465451E-7
929.00	9.5000001465451E-7
930.00	9.5000001465451E-7
931.00	9.5000001465451E-7
932.00	9.5000001465451E-7
933.00	9.5000001465451E-7
934.00	9.5000001465451E-7
935.00	9.5000001465451E-7
936.00	9.5000001465451E-7
937.00	9.5000001465451E-7
938.00	9.5000001465451E-7
939.00	9.5000001465451E-7
940.00	9.5000001465451E-7
941.00	9.5000001465451E-7
942.00	9.5000001465451E-7
943.00	9.5000001465451E-7
944.00	9.5000001465451E-7
945.00	9.5000001465451E-7
946.00	9.5000001465451E-7
947.00	9.5000001465451E-7
948.00	9.5000001465451E-7
949.00	9.5000001465451E-7
950.00	9.5000001465451E-7
951.00	9.5000001465451E-7
952.00	9.5000001465451E-7
953.00	9.5000001465451E-7
954.00	9.5000001465451E-7
955.00	9.5000001465451E-7
956.00	9.5000001465451E-7
957.00	9.5000001465451E-7
958.00	9.5000001465451E-7
959.00	9.5000001465451E-7
960.00	9.5000001465451E-7
961.00	9.5000001465451E-7
962.00	9.5000001465451E-7
963.00	9.5000001465451E-7
964.00	9.5000001465451E-7
965.00	9.5000001465451E-7
966.00	9.5000001465451E-7
967.00	9.5000001465451E-7
968.00	9.5000001465451E-7
969.00	9.5000001465451E-7
970.00	9.5000001465451E-7
971.00	9.5000001465451E-7
972.00	9.5000001465451E-7
973.00	9.5000001465451E-7
974.00	9.5000001465451E-7
975.00	9.5000001465451E-7
976.00	9.5000001465451E-7
977.00	9.5000001465451E-7
978.00	9.5000001465451E-7
979.00	9.5000001465451E-7
980.00	9.5000001465451E-7
981.00	9.5000001465451E-7
982.00	9.5000001465451E-7
983.00	9.5000001465451E-7
984.00	9.5000001465451E-7
985.00	9.5000001465451E-7
986.00	9.5000001465451E-7
987.00	9.5000001465451E-7
988.00	9.5000001465451E-7
989.00	9.5000001465451E-7
990.00	9.5000001465451E-7
991.00	9.5000001465451E-7
992.00	9.5000001465451E-7
993.00	9.5000001465451E-7
994.00	9.5000001465451E-7
995.00	9.5000001465451E-7
996.00	1.239870016434E-6
997.00	1.4501199530059E-6
998.00	1.6904399444684E-6
999.00	1.81753000561E-6
1000.00	1.705809950181E-6
1001.00	1.5464599982806E-6
1002.00	1.2050400073349E-6
1003.00	9.5000001465451E-7
1004.00	9.5000001465451E-7
1005.00	9.5000001465451E-7
1006.00	9.5000001465451E-7
1007.00	9.5000001465451E-7
1008.00	9.5000001465451E-7
1009.00	9.5000001465451E-7
1010.00	9.5000001465451E-7
1011.00	9.5000001465451E-7
1012.00	9.5000001465451E-7
1013.00	9.5000001465451E-7
1014.00	9.5000001465451E-7
1015.00	9.5000001465451E-7
1016.00	9.5000001465451E-7
1017.00	9.5000001465451E-7
1018.00	9.5000001465451E-7
1019.00	9.5000001465451E-7
1020.00	9.5000001465451E-7
1021.00	9.5000001465451E-7
1022.00	9.5000001465451E-7
1023.00	9.5000001465451E-7
1024.00	9.5000001465451E-7
1025.00	9.5000001465451E-7
1026.00	9.5000001465451E-7
1027.00	9.5000001465451E-7
1028.00	9.5000001465451E-7
1029.00	9.5000001465451E-7
1030.00	9.5000001465451E-7
1031.00	9.5000001465451E-7
1032.00	9.5000001465451E-7
1033.00	9.5000001465451E-7
1034.00	1.0208899539066E-6
1035.00	1.0149500440093E-6
1036.00	1.2866599945482E-6
1037.00	1.5823700323381E-6
1038.00	1.97820008907E-6
1039.00	2.304549980181E-6
1040.00	2.5420699785172E-6
1041.00	2.5615299819037E-6
1042.00	2.3539801077277E-6
1043.00	1.9972699192294E-6
1044.00	1.6921100041145E-6
1045.00	1.4475300531558E-6
1046.00	1.0421799743199E-6
1047.00	9.5000001465451E-7
1048.00	9.5000001465451E-7
1049.00	9.5000001465451E-7
1050.00	9.5000001465451E-7
1051.00	9.5000001465451E-7
1052.00	9.5000001465451E-7
1053.00	9.5000001465451E-7
1054.00	9.5000001465451E-7
1055.00	9.5000001465451E-7
1056.00	9.5000001465451E-7
1057.00	9.5000001465451E-7
1058.00	9.5000001465451E-7
1059.00	9.5000001465451E-7
1060.00	9.5000001465451E-7
1061.00	9.5000001465451E-7
1062.00	9.5000001465451E-7
1063.00	9.5000001465451E-7
1064.00	9.5000001465451E-7
1065.00	9.5000001465451E-7
1066.00	9.5000001465451E-7
1067.00	9.5000001465451E-7
1068.00	9.5000001465451E-7
1069.00	9.5000001465451E-7
1070.00	9.5000001465451E-7
1071.00	9.5000001465451E-7
1072.00	9.8873704246216E-7
1073.00	1.0398999847894E-6
1074.00	1.0861200507861E-6
1075.00	1.3451599443215E-6
1076.00	1.4713000382471E-6
1077.00	1.7237599649889E-6
1078.00	1.9543699636415E-6
1079.00	2.2617100512434E-6
1080.00	2.6654799967218E-6
1081.00	3.0006299311935E-6
1082.00	3.5636899156088E-6
1083.00	3.9164001464087E-6
1084.00	4.2703800318122E-6
1085.00	4.4314701881376E-6
1086.00	4.6347099669219E-6
1087.00	4.6249701881607E-6
1088.00	4.5923798097647E-6
1089.00	4.3294699025864E-6
1090.00	4.2806600504264E-6
1091.00	4.1049602259591E-6
1092.00	3.9855099203123E-6
1093.00	3.968550117861E-6
1094.00	3.9554897739436E-6
1095.00	3.8372199924197E-6
1096.00	3.8514999687322E-6
1097.00	3.8070199934737E-6
1098.00	3.8848402255098E-6
1099.00	3.8637099351035E-6
1100.00	4.0189797800849E-6
1101.00	4.1573098314984E-6
1102.00	4.18431000071E-6
1103.00	4.3677700887201E-6
1104.00	4.5961401156092E-6
1105.00	4.7764001465112E-6
1106.00	4.9006398512574E-6
1107.00	5.1577098929556E-6
1108.00	5.3159901653999E-6
1109.00	5.3656799536839E-6
1110.00	5.6091098485922E-6
1111.00	5.8277901189285E-6
1112.00	5.8789200920728E-6
1113.00	6.1988698689674E-6
1114.00	6.1243899835972E-6
1115.00	6.2346798586077E-6
1116.00	6.3228899307433E-6
1117.00	6.4006799220806E-6
1118.00	6.3110401242739E-6
1119.00	6.4727601056802E-6
1120.00	6.4579398895148E-6
1121.00	6.5732001530705E-6
1122.00	6.6934298956767E-6
1123.00	6.7417699938233E-6
1124.00	6.9689399424533E-6
1125.00	7.2647198976483E-6
1126.00	7.4517402026686E-6
1127.00	7.8025595939835E-6
1128.00	8.1506996139069E-6
1129.00	8.3118702605134E-6
1130.00	9.1011397671537E-6
1131.00	9.6211197160301E-6
1132.00	1.0284699783369E-5
1133.00	1.1261799954809E-5
1134.00	1.2325699572102E-5
1135.00	1.3651099834533E-5
1136.00	1.5314299162128E-5
1137.00	1.7098500393331E-5
1138.00	1.9391600289964E-5
1139.00	2.2040800104151E-5
1140.00	2.5453300622758E-5
1141.00	2.9768400054309E-5
1142.00	3.4963100915775E-5
1143.00	4.1727100324351E-5
1144.00	5.0349401135463E-5
1145.00	6.1027101764921E-5
1146.00	7.4560397479217E-5
1147.00	9.0882502263412E-5
1148.00	0.00011071599874413
1149.00	0.00013356299314182
1150.00	0.00015787599841133
1151.00	0.00018275799811818
1152.00	0.00020486699941102
1153.00	0.00022187500144355
1154.00	0.00023224799952004
1155.00	0.00023567999596708
1156.00	0.00023339600011241
1157.00	0.00022650799655821
1158.00	0.00021706300321966
1159.00	0.00020751300326083
1160.00	0.0001982730027521
1161.00	0.00019059800251853
1162.00	0.00018469399947207
1163.00	0.00018067899509333
1164.00	0.00017849200230557
1165.00	0.00017792299331632
1166.00	0.00017923599807546
1167.00	0.0001822290068958
1168.00	0.00018721200467553
1169.00	0.00019397100550123
1170.00	0.00020359200425446
1171.00	0.00021530799858738
1172.00	0.00022966699907556
1173.00	0.00024767199647613
1174.00	0.00026895498740487
1175.00	0.00029441100195982
1176.00	0.00032514298800379
1177.00	0.00036212400300428
1178.00	0.00040730900946073
1179.00	0.00046176201431081
1180.00	0.00052946101641282
1181.00	0.00061079702572897
1182.00	0.00070975499693304
1183.00	0.00083627202548087
1184.00	0.00098871195223182
1185.00	0.0011791000142694
1186.00	0.0014261100441217
1187.00	0.0017279300373048
1188.00	0.0021139299497008
1189.00	0.002606859896332
1190.00	0.0032344299834222
1191.00	0.0040443898178637
1192.00	0.005058890208602
1193.00	0.0063566500321031
1194.00	0.00793975032866
1195.00	0.00986916013062
1196.00	0.012246700003743
1197.00	0.014941800385714
1198.00	0.018037099391222
1199.00	0.021521400660276
1200.00	0.025020200759172
