300.00	9.5000001465451E-7
301.00	9.5000001465451E-7
302.00	9.5000001465451E-7
303.00	9.5000001465451E-7
304.00	9.5000001465451E-7
305.00	9.5000001465451E-7
306.00	9.5000001465451E-7
307.00	9.5000001465451E-7
308.00	9.5000001465451E-7
309.00	9.5000001465451E-7
310.00	9.5000001465451E-7
311.00	9.5000001465451E-7
312.00	9.5000001465451E-7
313.00	9.5000001465451E-7
314.00	9.5000001465451E-7
315.00	9.5000001465451E-7
316.00	9.5000001465451E-7
317.00	9.5000001465451E-7
318.00	9.5000001465451E-7
319.00	9.5000001465451E-7
320.00	9.5000001465451E-7
321.00	9.5000001465451E-7
322.00	9.5000001465451E-7
323.00	9.5000001465451E-7
324.00	9.5000001465451E-7
325.00	9.5000001465451E-7
326.00	9.5000001465451E-7
327.00	9.5000001465451E-7
328.00	9.5000001465451E-7
329.00	9.5000001465451E-7
330.00	9.5000001465451E-7
331.00	9.5000001465451E-7
332.00	9.5000001465451E-7
333.00	9.5000001465451E-7
334.00	9.5000001465451E-7
335.00	9.5000001465451E-7
336.00	9.5000001465451E-7
337.00	9.5000001465451E-7
338.00	9.5000001465451E-7
339.00	9.5000001465451E-7
340.00	9.5000001465451E-7
341.00	9.5000001465451E-7
342.00	9.5000001465451E-7
343.00	9.5000001465451E-7
344.00	9.5000001465451E-7
345.00	9.5000001465451E-7
346.00	9.5000001465451E-7
347.00	9.5000001465451E-7
348.00	9.5000001465451E-7
349.00	9.5000001465451E-7
350.00	9.5000001465451E-7
351.00	9.5000001465451E-7
352.00	9.5000001465451E-7
353.00	9.5000001465451E-7
354.00	9.5000001465451E-7
355.00	9.5000001465451E-7
356.00	9.5000001465451E-7
357.00	9.5000001465451E-7
358.00	9.5000001465451E-7
359.00	9.5000001465451E-7
360.00	9.5000001465451E-7
361.00	9.5000001465451E-7
362.00	9.5000001465451E-7
363.00	9.5000001465451E-7
364.00	9.5000001465451E-7
365.00	9.5000001465451E-7
366.00	9.5000001465451E-7
367.00	9.5000001465451E-7
368.00	9.5000001465451E-7
369.00	9.5000001465451E-7
370.00	9.5000001465451E-7
371.00	9.5000001465451E-7
372.00	9.5000001465451E-7
373.00	9.5000001465451E-7
374.00	9.5000001465451E-7
375.00	9.5000001465451E-7
376.00	9.5000001465451E-7
377.00	9.5000001465451E-7
378.00	9.5000001465451E-7
379.00	9.5000001465451E-7
380.00	9.5000001465451E-7
381.00	9.5000001465451E-7
382.00	9.5000001465451E-7
383.00	9.5000001465451E-7
384.00	9.5000001465451E-7
385.00	9.5000001465451E-7
386.00	9.5000001465451E-7
387.00	9.5000001465451E-7
388.00	9.5000001465451E-7
389.00	9.5000001465451E-7
390.00	9.5000001465451E-7
391.00	9.5000001465451E-7
392.00	9.5000001465451E-7
393.00	9.5000001465451E-7
394.00	9.5000001465451E-7
395.00	9.5000001465451E-7
396.00	9.5000001465451E-7
397.00	9.5000001465451E-7
398.00	9.5000001465451E-7
399.00	9.5000001465451E-7
400.00	9.5000001465451E-7
401.00	9.5000001465451E-7
402.00	9.5000001465451E-7
403.00	9.5000001465451E-7
404.00	9.5000001465451E-7
405.00	9.5000001465451E-7
406.00	9.5000001465451E-7
407.00	9.5000001465451E-7
408.00	9.5000001465451E-7
409.00	9.5000001465451E-7
410.00	9.5000001465451E-7
411.00	9.5000001465451E-7
412.00	9.5000001465451E-7
413.00	9.5000001465451E-7
414.00	9.5000001465451E-7
415.00	9.5000001465451E-7
416.00	9.5000001465451E-7
417.00	9.5000001465451E-7
418.00	9.5000001465451E-7
419.00	9.5000001465451E-7
420.00	9.5000001465451E-7
421.00	9.5000001465451E-7
422.00	9.5000001465451E-7
423.00	9.5000001465451E-7
424.00	9.5000001465451E-7
425.00	9.5000001465451E-7
426.00	9.5000001465451E-7
427.00	9.5000001465451E-7
428.00	9.5000001465451E-7
429.00	9.5000001465451E-7
430.00	9.5000001465451E-7
431.00	9.5000001465451E-7
432.00	9.5000001465451E-7
433.00	9.5000001465451E-7
434.00	9.5000001465451E-7
435.00	9.5000001465451E-7
436.00	9.5000001465451E-7
437.00	9.5000001465451E-7
438.00	9.5000001465451E-7
439.00	9.5000001465451E-7
440.00	9.5000001465451E-7
441.00	9.5000001465451E-7
442.00	9.5000001465451E-7
443.00	9.5000001465451E-7
444.00	9.5000001465451E-7
445.00	9.5000001465451E-7
446.00	9.5000001465451E-7
447.00	9.5000001465451E-7
448.00	9.5000001465451E-7
449.00	9.5000001465451E-7
450.00	9.5000001465451E-7
451.00	9.5000001465451E-7
452.00	9.5000001465451E-7
453.00	9.5000001465451E-7
454.00	9.5000001465451E-7
455.00	9.5000001465451E-7
456.00	9.5000001465451E-7
457.00	9.5000001465451E-7
458.00	9.5000001465451E-7
459.00	9.5000001465451E-7
460.00	9.5000001465451E-7
461.00	9.5000001465451E-7
462.00	9.5000001465451E-7
463.00	9.5000001465451E-7
464.00	9.5000001465451E-7
465.00	9.5000001465451E-7
466.00	9.5000001465451E-7
467.00	9.5000001465451E-7
468.00	9.5000001465451E-7
469.00	9.5000001465451E-7
470.00	9.5000001465451E-7
471.00	9.5000001465451E-7
472.00	9.5000001465451E-7
473.00	9.5000001465451E-7
474.00	9.5000001465451E-7
475.00	9.5000001465451E-7
476.00	9.5000001465451E-7
477.00	9.5000001465451E-7
478.00	9.5000001465451E-7
479.00	9.5000001465451E-7
480.00	9.5000001465451E-7
481.00	9.5000001465451E-7
482.00	9.5000001465451E-7
483.00	9.5000001465451E-7
484.00	9.5000001465451E-7
485.00	9.5000001465451E-7
486.00	9.5000001465451E-7
487.00	9.5000001465451E-7
488.00	9.5000001465451E-7
489.00	9.5000001465451E-7
490.00	9.5000001465451E-7
491.00	9.5000001465451E-7
492.00	9.5000001465451E-7
493.00	9.5000001465451E-7
494.00	9.5000001465451E-7
495.00	9.5000001465451E-7
496.00	9.5000001465451E-7
497.00	9.5000001465451E-7
498.00	9.5000001465451E-7
499.00	9.5000001465451E-7
500.00	9.5000001465451E-7
501.00	9.5000001465451E-7
502.00	9.5000001465451E-7
503.00	9.5000001465451E-7
504.00	9.5000001465451E-7
505.00	9.5000001465451E-7
506.00	9.5000001465451E-7
507.00	9.5000001465451E-7
508.00	9.5000001465451E-7
509.00	9.5000001465451E-7
510.00	9.5000001465451E-7
511.00	9.5000001465451E-7
512.00	9.5000001465451E-7
513.00	9.5000001465451E-7
514.00	9.5000001465451E-7
515.00	9.5000001465451E-7
516.00	9.5000001465451E-7
517.00	9.5000001465451E-7
518.00	9.5000001465451E-7
519.00	9.5000001465451E-7
520.00	9.5000001465451E-7
521.00	9.5000001465451E-7
522.00	9.5000001465451E-7
523.00	9.5000001465451E-7
524.00	9.5000001465451E-7
525.00	9.5000001465451E-7
526.00	9.5000001465451E-7
527.00	9.5000001465451E-7
528.00	9.5000001465451E-7
529.00	9.5000001465451E-7
530.00	9.5000001465451E-7
531.00	9.5000001465451E-7
532.00	9.5000001465451E-7
533.00	9.5000001465451E-7
534.00	9.5000001465451E-7
535.00	9.5000001465451E-7
536.00	9.5000001465451E-7
537.00	9.5000001465451E-7
538.00	9.5000001465451E-7
539.00	9.5000001465451E-7
540.00	9.5000001465451E-7
541.00	9.5000001465451E-7
542.00	9.5000001465451E-7
543.00	9.5000001465451E-7
544.00	9.5000001465451E-7
545.00	9.5000001465451E-7
546.00	9.5000001465451E-7
547.00	9.5000001465451E-7
548.00	9.5000001465451E-7
549.00	9.5000001465451E-7
550.00	9.5000001465451E-7
551.00	9.5000001465451E-7
552.00	9.5000001465451E-7
553.00	9.5000001465451E-7
554.00	9.5000001465451E-7
555.00	9.5000001465451E-7
556.00	9.5000001465451E-7
557.00	9.5000001465451E-7
558.00	9.5000001465451E-7
559.00	9.5000001465451E-7
560.00	9.5000001465451E-7
561.00	9.5000001465451E-7
562.00	9.5000001465451E-7
563.00	9.5000001465451E-7
564.00	9.5000001465451E-7
565.00	9.5000001465451E-7
566.00	9.5000001465451E-7
567.00	9.5000001465451E-7
568.00	9.5000001465451E-7
569.00	9.5000001465451E-7
570.00	9.5000001465451E-7
571.00	9.5000001465451E-7
572.00	9.5000001465451E-7
573.00	9.5000001465451E-7
574.00	9.5000001465451E-7
575.00	9.5000001465451E-7
576.00	9.5000001465451E-7
577.00	9.5000001465451E-7
578.00	9.5000001465451E-7
579.00	9.5000001465451E-7
580.00	9.5000001465451E-7
581.00	9.5000001465451E-7
582.00	9.5000001465451E-7
583.00	1.9943499864894E-6
584.00	9.3299104264588E-6
585.00	4.7541401727358E-5
586.00	0.0003105080104433
587.00	0.0030751700978726
588.00	0.051337599754333
589.00	0.48213401436806
590.00	0.94549602270126
591.00	0.968357026577
592.00	0.97728401422501
593.00	0.9862499833107
594.00	0.98972302675247
595.00	0.98449397087097
596.00	0.97711300849915
597.00	0.97709900140762
598.00	0.98347002267838
599.00	0.98375099897385
600.00	0.98199301958084
601.00	0.98313999176025
602.00	0.98314398527145
603.00	0.98438197374344
604.00	0.97910702228546
605.00	0.98197597265244
606.00	0.98619401454926
607.00	0.98644697666168
608.00	0.98432898521423
609.00	0.97606402635574
610.00	0.97649997472763
611.00	0.98283398151398
612.00	0.98605197668076
613.00	0.9833750128746
614.00	0.97711300849915
615.00	0.97035402059555
616.00	0.9697380065918
617.00	0.97503697872162
618.00	0.98137599229813
619.00	0.98876398801804
620.00	0.9887570142746
621.00	0.98658800125122
622.00	0.98315101861954
623.00	0.98586797714233
624.00	0.98730599880219
625.00	0.98603701591492
626.00	0.9874250292778
627.00	0.98885500431061
628.00	0.98816698789597
629.00	0.98999202251434
630.00	0.98873400688171
631.00	0.98820501565933
632.00	0.98603898286819
633.00	0.98715502023697
634.00	0.98594397306442
635.00	0.98747301101685
636.00	0.98574697971344
637.00	0.98667198419571
638.00	0.98522198200226
639.00	0.98518997430801
640.00	0.98539298772812
641.00	0.98576498031616
642.00	0.98381698131561
643.00	0.98036897182465
644.00	0.97408998012543
645.00	0.96557301282883
646.00	0.93767297267914
647.00	0.9239450097084
648.00	0.84318399429321
649.00	0.24882900714874
650.00	0.026040500029922
651.00	0.003383609931916
652.00	0.00054003397235647
653.00	0.00011123799777124
654.00	2.7542699172045E-5
655.00	7.9890196502674E-6
656.00	2.4971000129881E-6
657.00	9.8205498488824E-7
658.00	9.5000001465451E-7
659.00	9.5000001465451E-7
660.00	9.5000001465451E-7
661.00	9.5000001465451E-7
662.00	9.5000001465451E-7
663.00	9.5000001465451E-7
664.00	9.5000001465451E-7
665.00	9.5000001465451E-7
666.00	9.5000001465451E-7
667.00	9.5000001465451E-7
668.00	9.5000001465451E-7
669.00	9.5000001465451E-7
670.00	9.5000001465451E-7
671.00	9.5000001465451E-7
672.00	9.5000001465451E-7
673.00	9.5000001465451E-7
674.00	9.5000001465451E-7
675.00	9.5000001465451E-7
676.00	9.5000001465451E-7
677.00	9.5000001465451E-7
678.00	9.5000001465451E-7
679.00	9.5000001465451E-7
680.00	9.5000001465451E-7
681.00	9.5000001465451E-7
682.00	9.5000001465451E-7
683.00	9.5000001465451E-7
684.00	9.5000001465451E-7
685.00	9.5000001465451E-7
686.00	9.5000001465451E-7
687.00	9.5000001465451E-7
688.00	9.5000001465451E-7
689.00	9.5000001465451E-7
690.00	9.5000001465451E-7
691.00	9.5000001465451E-7
692.00	9.5000001465451E-7
693.00	9.5000001465451E-7
694.00	9.5000001465451E-7
695.00	9.5000001465451E-7
696.00	9.5000001465451E-7
697.00	9.5000001465451E-7
698.00	9.5000001465451E-7
699.00	9.5000001465451E-7
700.00	9.5000001465451E-7
701.00	9.5000001465451E-7
702.00	9.5000001465451E-7
703.00	9.5000001465451E-7
704.00	9.5000001465451E-7
705.00	9.5000001465451E-7
706.00	9.5000001465451E-7
707.00	9.5000001465451E-7
708.00	9.5000001465451E-7
709.00	9.5000001465451E-7
710.00	9.5000001465451E-7
711.00	9.5000001465451E-7
712.00	9.5000001465451E-7
713.00	9.5000001465451E-7
714.00	9.5000001465451E-7
715.00	9.5000001465451E-7
716.00	9.5000001465451E-7
717.00	9.5000001465451E-7
718.00	9.5000001465451E-7
719.00	9.5000001465451E-7
720.00	9.5000001465451E-7
721.00	9.5000001465451E-7
722.00	9.5000001465451E-7
723.00	9.5000001465451E-7
724.00	9.5000001465451E-7
725.00	9.5000001465451E-7
726.00	9.5000001465451E-7
727.00	9.5000001465451E-7
728.00	9.5000001465451E-7
729.00	9.5000001465451E-7
730.00	9.5000001465451E-7
731.00	9.5000001465451E-7
732.00	9.5000001465451E-7
733.00	9.5000001465451E-7
734.00	9.5000001465451E-7
735.00	9.5000001465451E-7
736.00	9.5000001465451E-7
737.00	9.5000001465451E-7
738.00	9.5000001465451E-7
739.00	9.5000001465451E-7
740.00	9.5000001465451E-7
741.00	9.5000001465451E-7
742.00	9.5000001465451E-7
743.00	9.5000001465451E-7
744.00	9.5000001465451E-7
745.00	9.5000001465451E-7
746.00	9.5000001465451E-7
747.00	9.5000001465451E-7
748.00	9.5000001465451E-7
749.00	9.5000001465451E-7
750.00	9.5000001465451E-7
751.00	9.5000001465451E-7
752.00	9.5000001465451E-7
753.00	9.5000001465451E-7
754.00	9.5000001465451E-7
755.00	9.5000001465451E-7
756.00	9.5000001465451E-7
757.00	9.5000001465451E-7
758.00	1.3047399534116E-6
759.00	1.3820199455949E-6
760.00	1.2266200428712E-6
761.00	1.2140600347266E-6
762.00	1.1795500540757E-6
763.00	1.3217800187704E-6
764.00	1.6463400243083E-6
765.00	1.5889700080152E-6
766.00	1.0568199968475E-6
767.00	1.0563700243438E-6
768.00	9.5000001465451E-7
769.00	9.5000001465451E-7
770.00	9.5000001465451E-7
771.00	1.2322400380071E-6
772.00	9.5000001465451E-7
773.00	9.5000001465451E-7
774.00	9.5000001465451E-7
775.00	9.5000001465451E-7
776.00	9.5000001465451E-7
777.00	9.5000001465451E-7
778.00	9.5000001465451E-7
779.00	9.5000001465451E-7
780.00	9.5000001465451E-7
781.00	9.5000001465451E-7
782.00	9.5000001465451E-7
783.00	9.5000001465451E-7
784.00	9.5000001465451E-7
785.00	9.5000001465451E-7
786.00	9.5000001465451E-7
787.00	9.5000001465451E-7
788.00	9.5000001465451E-7
789.00	9.5000001465451E-7
790.00	9.5000001465451E-7
791.00	9.5000001465451E-7
792.00	9.7288796041539E-7
793.00	9.5000001465451E-7
794.00	9.5000001465451E-7
795.00	9.5000001465451E-7
796.00	9.5000001465451E-7
797.00	9.5000001465451E-7
798.00	9.5000001465451E-7
799.00	9.5000001465451E-7
800.00	9.5000001465451E-7
801.00	9.5000001465451E-7
802.00	9.5000001465451E-7
803.00	9.5000001465451E-7
804.00	9.5000001465451E-7
805.00	9.5000001465451E-7
806.00	9.5000001465451E-7
807.00	9.5000001465451E-7
808.00	9.5000001465451E-7
809.00	9.5000001465451E-7
810.00	9.5000001465451E-7
811.00	9.5000001465451E-7
812.00	9.5000001465451E-7
813.00	9.5000001465451E-7
814.00	9.5000001465451E-7
815.00	9.5000001465451E-7
816.00	9.5000001465451E-7
817.00	9.5000001465451E-7
818.00	9.5000001465451E-7
819.00	9.5000001465451E-7
820.00	9.5000001465451E-7
821.00	9.5000001465451E-7
822.00	9.5000001465451E-7
823.00	9.5000001465451E-7
824.00	9.7586996616883E-7
825.00	9.5000001465451E-7
826.00	9.5000001465451E-7
827.00	9.5000001465451E-7
828.00	9.5000001465451E-7
829.00	9.5000001465451E-7
830.00	9.5000001465451E-7
831.00	9.5000001465451E-7
832.00	9.5000001465451E-7
833.00	9.5000001465451E-7
834.00	9.5000001465451E-7
835.00	1.1054700053137E-6
836.00	9.5000001465451E-7
837.00	1.5879800230323E-6
838.00	9.5000001465451E-7
839.00	9.5000001465451E-7
840.00	9.8347697985446E-7
841.00	9.5000001465451E-7
842.00	1.626400035093E-6
843.00	9.5000001465451E-7
844.00	9.5000001465451E-7
845.00	9.5000001465451E-7
846.00	9.5000001465451E-7
847.00	9.5000001465451E-7
848.00	9.5000001465451E-7
849.00	2.0834399947489E-6
850.00	9.5000001465451E-7
851.00	9.5000001465451E-7
852.00	9.5000001465451E-7
853.00	9.5000001465451E-7
854.00	9.5000001465451E-7
855.00	9.5000001465451E-7
856.00	9.5000001465451E-7
857.00	9.5000001465451E-7
858.00	9.5000001465451E-7
859.00	9.5000001465451E-7
860.00	9.5000001465451E-7
861.00	9.5000001465451E-7
862.00	9.5000001465451E-7
863.00	9.5000001465451E-7
864.00	9.5000001465451E-7
865.00	9.5000001465451E-7
866.00	9.5000001465451E-7
867.00	9.5000001465451E-7
868.00	9.5000001465451E-7
869.00	9.5000001465451E-7
870.00	9.5000001465451E-7
871.00	9.5000001465451E-7
872.00	9.5000001465451E-7
873.00	9.5000001465451E-7
874.00	9.5000001465451E-7
875.00	9.5000001465451E-7
876.00	9.5000001465451E-7
877.00	9.5000001465451E-7
878.00	9.5000001465451E-7
879.00	9.5000001465451E-7
880.00	9.5000001465451E-7
881.00	9.5000001465451E-7
882.00	9.5000001465451E-7
883.00	9.5000001465451E-7
884.00	9.5000001465451E-7
885.00	9.5000001465451E-7
886.00	9.5000001465451E-7
887.00	9.5000001465451E-7
888.00	9.5000001465451E-7
889.00	9.5000001465451E-7
890.00	9.5000001465451E-7
891.00	9.5000001465451E-7
892.00	9.5000001465451E-7
893.00	9.5000001465451E-7
894.00	9.5000001465451E-7
895.00	9.5000001465451E-7
896.00	9.5000001465451E-7
897.00	9.5000001465451E-7
898.00	9.5000001465451E-7
899.00	9.5000001465451E-7
900.00	1.5641700201741E-6
901.00	9.5000001465451E-7
902.00	9.5000001465451E-7
903.00	9.5000001465451E-7
904.00	9.7049405667349E-7
905.00	9.5000001465451E-7
906.00	9.5000001465451E-7
907.00	9.5000001465451E-7
908.00	9.5000001465451E-7
909.00	9.5000001465451E-7
910.00	9.5000001465451E-7
911.00	9.5000001465451E-7
912.00	9.5000001465451E-7
913.00	9.5000001465451E-7
914.00	9.5000001465451E-7
915.00	9.5000001465451E-7
916.00	9.5000001465451E-7
917.00	9.5000001465451E-7
918.00	9.5000001465451E-7
919.00	9.5000001465451E-7
920.00	9.5000001465451E-7
921.00	9.5000001465451E-7
922.00	9.5000001465451E-7
923.00	9.5000001465451E-7
924.00	9.5000001465451E-7
925.00	9.5000001465451E-7
926.00	9.5000001465451E-7
927.00	9.5000001465451E-7
928.00	9.5000001465451E-7
929.00	9.5000001465451E-7
930.00	9.5000001465451E-7
931.00	9.5000001465451E-7
932.00	9.5000001465451E-7
933.00	9.5000001465451E-7
934.00	9.5000001465451E-7
935.00	9.5000001465451E-7
936.00	9.5000001465451E-7
937.00	1.69366001046E-6
938.00	9.5000001465451E-7
939.00	9.5000001465451E-7
940.00	9.5000001465451E-7
941.00	9.5000001465451E-7
942.00	1.0010400046667E-6
943.00	9.5000001465451E-7
944.00	1.128729991251E-6
945.00	9.5000001465451E-7
946.00	9.5000001465451E-7
947.00	9.5000001465451E-7
948.00	9.5000001465451E-7
949.00	9.5000001465451E-7
950.00	9.5000001465451E-7
951.00	9.5000001465451E-7
952.00	9.5000001465451E-7
953.00	9.5000001465451E-7
954.00	9.5000001465451E-7
955.00	9.5000001465451E-7
956.00	1.2411600209816E-6
957.00	9.5000001465451E-7
958.00	2.0570801098074E-6
959.00	9.5000001465451E-7
960.00	9.5000001465451E-7
961.00	9.5000001465451E-7
962.00	9.5000001465451E-7
963.00	9.5000001465451E-7
964.00	9.5000001465451E-7
965.00	9.5000001465451E-7
966.00	9.5000001465451E-7
967.00	9.5000001465451E-7
968.00	9.5000001465451E-7
969.00	9.5000001465451E-7
970.00	9.5000001465451E-7
971.00	9.5000001465451E-7
972.00	9.5000001465451E-7
973.00	9.5000001465451E-7
974.00	9.5000001465451E-7
975.00	9.5000001465451E-7
976.00	9.5000001465451E-7
977.00	9.5000001465451E-7
978.00	9.5000001465451E-7
979.00	9.5000001465451E-7
980.00	9.5000001465451E-7
981.00	9.5000001465451E-7
982.00	9.5000001465451E-7
983.00	9.5000001465451E-7
984.00	9.5000001465451E-7
985.00	9.5000001465451E-7
986.00	9.5000001465451E-7
987.00	9.5000001465451E-7
988.00	9.5000001465451E-7
989.00	9.5000001465451E-7
990.00	9.5000001465451E-7
991.00	9.5000001465451E-7
992.00	9.5000001465451E-7
993.00	9.5000001465451E-7
994.00	9.5000001465451E-7
995.00	9.5000001465451E-7
996.00	9.5000001465451E-7
997.00	9.5000001465451E-7
998.00	9.5000001465451E-7
999.00	9.5000001465451E-7
1000.00	9.5000001465451E-7
1001.00	9.5000001465451E-7
1002.00	1.0944900168397E-6
1003.00	9.5000001465451E-7
1004.00	9.5000001465451E-7
1005.00	9.5000001465451E-7
1006.00	9.5000001465451E-7
1007.00	9.5000001465451E-7
1008.00	1.3246700518721E-6
1009.00	9.5000001465451E-7
1010.00	9.5000001465451E-7
1011.00	9.5000001465451E-7
1012.00	1.4079199672778E-6
1013.00	9.5000001465451E-7
1014.00	9.5000001465451E-7
1015.00	9.5000001465451E-7
1016.00	9.5000001465451E-7
1017.00	9.5000001465451E-7
1018.00	9.5000001465451E-7
1019.00	9.5000001465451E-7
1020.00	9.5000001465451E-7
1021.00	9.5000001465451E-7
1022.00	9.5000001465451E-7
1023.00	9.5000001465451E-7
1024.00	9.5000001465451E-7
1025.00	9.5000001465451E-7
1026.00	9.5000001465451E-7
1027.00	9.5000001465451E-7
1028.00	9.5000001465451E-7
1029.00	9.5000001465451E-7
1030.00	9.5000001465451E-7
1031.00	9.5000001465451E-7
1032.00	9.5000001465451E-7
1033.00	9.5000001465451E-7
1034.00	9.5000001465451E-7
1035.00	9.5000001465451E-7
1036.00	9.5000001465451E-7
1037.00	9.5000001465451E-7
1038.00	9.5000001465451E-7
1039.00	9.5000001465451E-7
1040.00	9.5000001465451E-7
1041.00	9.5000001465451E-7
1042.00	9.5000001465451E-7
1043.00	9.5000001465451E-7
1044.00	9.5000001465451E-7
1045.00	9.5000001465451E-7
1046.00	9.5000001465451E-7
1047.00	9.5000001465451E-7
1048.00	9.5000001465451E-7
1049.00	1.9979299850093E-6
1050.00	9.5000001465451E-7
1051.00	9.5000001465451E-7
1052.00	9.5000001465451E-7
1053.00	9.5000001465451E-7
1054.00	9.5000001465451E-7
1055.00	9.5000001465451E-7
1056.00	1.3460800118992E-6
1057.00	1.624469973649E-6
1058.00	9.5000001465451E-7
1059.00	9.5000001465451E-7
1060.00	9.5000001465451E-7
1061.00	9.5000001465451E-7
1062.00	3.6783198993362E-6
1063.00	2.2390199774236E-6
1064.00	1.2242400089235E-6
1065.00	2.4441199002467E-6
1066.00	2.2949100184633E-6
1067.00	9.5000001465451E-7
1068.00	1.6293399767164E-6
1069.00	1.2654700185522E-6
1070.00	9.5000001465451E-7
1071.00	9.5000001465451E-7
1072.00	9.5000001465451E-7
1073.00	9.5000001465451E-7
1074.00	9.5000001465451E-7
1075.00	9.5000001465451E-7
1076.00	9.5000001465451E-7
1077.00	9.5000001465451E-7
1078.00	9.5000001465451E-7
1079.00	9.5000001465451E-7
1080.00	9.5000001465451E-7
1081.00	9.5000001465451E-7
1082.00	9.5000001465451E-7
1083.00	9.5000001465451E-7
1084.00	9.5000001465451E-7
1085.00	9.5000001465451E-7
1086.00	9.5000001465451E-7
1087.00	9.5000001465451E-7
1088.00	9.5000001465451E-7
1089.00	1.036339995153E-6
1090.00	9.5000001465451E-7
1091.00	9.5000001465451E-7
1092.00	9.5000001465451E-7
1093.00	9.5000001465451E-7
1094.00	2.5201100015693E-6
1095.00	9.5000001465451E-7
1096.00	9.5000001465451E-7
1097.00	9.5000001465451E-7
1098.00	9.5000001465451E-7
1099.00	9.5000001465451E-7
1100.00	9.5000001465451E-7
1101.00	9.5000001465451E-7
1102.00	9.5000001465451E-7
1103.00	2.4126800326485E-6
1104.00	9.5000001465451E-7
1105.00	1.8457500345903E-6
1106.00	1.2349299822745E-6
1107.00	4.1620601223258E-6
1108.00	4.7940698095772E-6
1109.00	7.7348304330371E-6
1110.00	1.1469700439193E-5
1111.00	1.6366000636481E-5
1112.00	2.2699099645251E-5
1113.00	3.3583499316592E-5
1114.00	4.3822401494253E-5
1115.00	5.6856300943764E-5
1116.00	6.6161199356429E-5
1117.00	7.1588299761061E-5
1118.00	6.4268897403963E-5
1119.00	5.7180601288565E-5
1120.00	4.8445701395394E-5
1121.00	4.2998100980185E-5
1122.00	3.6022898711963E-5
1123.00	3.4506698284531E-5
1124.00	3.0004399377503E-5
1125.00	2.7704400054063E-5
1126.00	2.7929800126003E-5
1127.00	2.6933499611914E-5
1128.00	2.8476000807132E-5
1129.00	2.9826500394847E-5
1130.00	2.7977099307464E-5
1131.00	3.0660401534988E-5
1132.00	3.0806600989308E-5
1133.00	3.2653199014021E-5
1134.00	3.7390298530227E-5
1135.00	3.8269099604804E-5
1136.00	3.8513400795637E-5
1137.00	4.5837801735615E-5
1138.00	4.5648299419554E-5
1139.00	5.0965500122402E-5
1140.00	6.0451100580394E-5
1141.00	6.877620035084E-5
1142.00	7.7172400779091E-5
1143.00	9.0337700385135E-5
1144.00	0.00010394000128144
1145.00	0.00012262699601706
1146.00	0.00014925400319044
1147.00	0.00017672100511845
1148.00	0.00021478800044861
1149.00	0.00026527399313636
1150.00	0.00032888099667616
1151.00	0.00040248499135487
1152.00	0.00051043002167717
1153.00	0.00065789301879704
1154.00	0.00084254599642009
1155.00	0.0010622499976307
1156.00	0.0014259399613366
1157.00	0.0018766099819914
1158.00	0.0024768100120127
1159.00	0.0032479900401086
1160.00	0.0045069698244333
1161.00	0.0060344198718667
1162.00	0.0081504499539733
1163.00	0.010808600112796
1164.00	0.014698299579322
1165.00	0.01969419978559
1166.00	0.025184700265527
1167.00	0.030989000573754
1168.00	0.037654299288988
1169.00	0.044228598475456
1170.00	0.049685701727867
1171.00	0.055133398622274
1172.00	0.057110600173473
1173.00	0.063079796731472
1174.00	0.065191797912121
1175.00	0.071390703320503
1176.00	0.075300700962543
1177.00	0.07754860073328
1178.00	0.084284998476505
1179.00	0.085662499070168
1180.00	0.09388630092144
1181.00	0.10252899676561
1182.00	0.10511499643326
1183.00	0.12241200357676
1184.00	0.12272199988365
1185.00	0.13391000032425
1186.00	0.14923100173473
1187.00	0.14548900723457
1188.00	0.17484700679779
1189.00	0.17652900516987
1190.00	0.18184199929237
1191.00	0.2156849950552
1192.00	0.20235000550747
1193.00	0.22519800066948
1194.00	0.23841699957848
1195.00	0.2304369956255
1196.00	0.25764098763466
1197.00	0.2474260032177
1198.00	0.2593210041523
1199.00	0.26521098613739
1200.00	0.25996300578117
